6881 70.20 1598558618
6478 65.76 1598378157
6273 63.12 1598030706
6093 60.72 1596474542
5983 63.60 1597856628
5941 60.60 1597689084
5876 61.32 1598560319
5860 60.96 1594158590
5858 62.52 1598558976
5739 57.96 1597225162
5697 60.12 1598558895
5683 59.40 1598560243
5657 59.76 1598030863
5624 59.40 1598561214
5621 58.80 1596706925
5616 58.56 1598605600
5594 61.32 1597654901
5582 58.20 1595687125
5543 57.00 1594158522
5454 55.32 1594158382
5443 55.20 1596474465
5412 56.52 1597920430
5316 56.52 1594224705
5277 56.16 1597792663
5272 55.92 1596644581
5239 53.76 1595686766
5238 54.96 1594158449
5233 55.92 1596753229
5142 52.80 1594145890
5054 52.32 1594153650
5037 52.92 1597057446
5035 54.72 1595687203
5034 53.52 1595686980
4980 52.20 1598030602
4919 52.56 1594146380
4900 50.16 1597225086
4881 52.20 1597792776
4873 53.52 1595687049
4822 50.40 1594154270
4792 49.92 1594145594
4764 49.20 1596748584
4721 50.40 1594145820
4700 51.00 1594146499
4680 49.20 1594476695
4680 49.20 1594115334
4677 53.16 1594476782
4640 47.40 1597599091
4601 49.20 1594073378
4521 48.96 1594053807
4503 49.20 1594146643
4494 49.32 1594146203
4453 49.92 1595686837
4399 48.36 1594147558
4353 48.12 1594145687
4334 48.12 1594054018
4315 47.52 1594146270
4303 43.20 1594155579
4281 48.96 1594476849
4240 48.60 1594145753
4160 47.16 1594154206
4155 45.72 1594053741
4115 44.52 1594147488
4075 48.72 1594224635
4074 48.12 1594146742
4060 42.00 1594474293
4037 45.36 1594416517
4034 45.12 1594054091
4014 46.32 1594146807
4013 44.52 1595686909
3974 42.72 1594073230
3923 40.20 1594146910
3497 42.36 1594123109
3364 40.80 1594145528
3042 40.20 1597792590
2954 33.12 1594147002
2462 37.20 1593967987
1480 14.40 1597791167
752 7.32 1597225020
100 .12 1597232087
100 .12 1597228565
