1 67 0
2 67 s
10 6b 0
11 6a 0
22 75 0
23 64 0
24 62 c
25 66 c
30 68 s
31 6c s
32 75 c
33 75 sc
35 72 0
36 6c c
41 400000e2 0
42 66 0
45 66 s
46 68 0
47 2e 0
50 64 c
51 6e s
55 64 sc
56 75 s
57 75 0
60 2f 0
65 79 c
70 3d 0
71 2d 0
72 30 c
73 40000044 0
76 74 0
77 78 0
78 77 sc
79 74 sc
80 6b s
81 6a s
84 4000004b sc
85 4000004e sc
90 6a c
91 9 c
92 31 0
93 78 0
94 33 0
95 64 0
96 65 0
97 32 0
98 66 0
99 72 0
100 2f c
110 73 c
115 78 sc
120 75 c
121 65 c
125 69 c
126 2c sc
130 76 sc
140 69 sc
200 40000043 0
205 2f 0
1004 4000003e 0
1005 4000010c 0
1006 4000010d 0
1007 4000010e 0
1008 4000010f 0
1009 40000110 0
1010 40000111 0
1011 40000112 0
